   9.5947622677817462E-003   1.7778311894031892E-002   2.5000000000000001E-002
   6.1987972175731165E-003   1.2482000698709321E-002   7.5000000000000011E-002
   4.2722022825338653E-003   8.7590774815078844E-003  0.12500000000000000     
   2.9751157467284716E-003   6.1531076310582513E-003  0.17500000000000002     
   2.0772802550535845E-003   4.3298294037953976E-003  0.22500000000000001     
   1.4534060878278264E-003   3.0542305955836260E-003  0.27500000000000002     
   1.0196714520159706E-003   2.1618034887786355E-003  0.32500000000000001     
   7.1810578429073579E-004   1.5374492032788920E-003  0.37500000000000000     
   5.0843214409806764E-004   1.1006424149741195E-003  0.42500000000000004     
   3.6264933153204958E-004   7.9504644372319349E-004  0.47500000000000003     
   2.6128879801809115E-004   5.8124735946789286E-004  0.52500000000000002     
   1.9081437739778149E-004   4.3167061845709266E-004  0.57500000000000007     
   1.4181455625745279E-004   3.2702464314929991E-004  0.62500000000000000     
   1.0774555537013552E-004   2.5381260684101474E-004  0.67500000000000004     
   8.4057228480444185E-005   2.0259128814727173E-004  0.72500000000000009     
   6.7584641138753913E-005   1.6675160154308732E-004  0.77500000000000002     
   5.6122647999800671E-005   1.4166042786950962E-004  0.82500000000000007     
   4.8121776458985963E-005   1.2404191667724464E-004  0.87500000000000000     
   4.2450585316674586E-005   1.1148338217362175E-004  0.92500000000000004     
   3.5044617312929444E-005   9.3894611909831540E-005  0.97500000000000009     
   1.8931804177400739E-005   5.2289939503194148E-005   1.0249999999999999     
   1.2277816062158573E-005   3.5159501702363688E-005   1.0750000000000000     
   8.5353260265421676E-006   2.5324026178787677E-005   1.1250000000000000     
   5.9987382189399213E-006   1.8429170363673238E-005   1.1750000000000000     
   4.2213793094371971E-006   1.3424435292342985E-005   1.2250000000000001     
   2.9698073760437391E-006   9.7732990216422498E-006   1.2749999999999999     
   2.0878471040234632E-006   7.1077732535279550E-006   1.3250000000000000     
   1.4662810776980607E-006   5.1616036772361947E-006   1.3750000000000000     
   1.0282227723950045E-006   3.7406355655461185E-006   1.4250000000000000     
   7.1949379783943697E-007   2.7031342738217559E-006   1.4750000000000001     
   5.0191184387618389E-007   1.9456164041691439E-006   1.5249999999999999     
   3.4856732364043360E-007   1.3925249830918187E-006   1.5750000000000002     
   2.4049520411953470E-007   9.8869298108674190E-007   1.6250000000000000     
   1.6432942286654142E-007   6.9384084777041371E-007   1.6750000000000000     
   1.1064953205029680E-007   4.7855899968432299E-007   1.7250000000000001     
   7.2814388117071028E-008   3.2137465899654780E-007   1.7749999999999999     
   4.6135908806604158E-008   2.0661122116436492E-007   1.8250000000000002     
   2.7280256686295984E-008   1.2283073990474078E-007   1.8750000000000000     
   1.3786467827399741E-008   6.1727708503023044E-008   1.9250000000000000     
   4.4140837278949060E-009   2.0901905797619391E-008   1.9750000000000001     
