   0.0000000000000000       0.68417705474970580     
   4.9999998882412910E-003  0.68528070016119080     
   9.9999997764825821E-003  0.68636074147956461     
   1.4999999664723873E-002  0.68741725970842671     
   1.9999999552965164E-002  0.68845033408713296     
   2.4999998509883881E-002  0.68946004191083876     
   2.9999999329447746E-002  0.69044645946581640     
   3.5000000149011612E-002  0.69140966035337137     
   3.9999999105930328E-002  0.69234971646814858     
   4.4999998062849045E-002  0.69326669867790558     
   4.9999997019767761E-002  0.69416067575670515     
   5.4999999701976776E-002  0.69503171539366448     
   5.9999998658895493E-002  0.69587988161917691     
   6.4999997615814209E-002  0.69670523870358991     
   7.0000000298023224E-002  0.69750784913857544     
   7.4999995529651642E-002  0.69828777135162390     
   7.9999998211860657E-002  0.69904506616169526     
   8.5000000894069672E-002  0.69977978918724792     
   8.9999996125698090E-002  0.70049199448839206     
   9.4999998807907104E-002  0.70118173760346592     
   9.9999994039535522E-002  0.70184906820781989     
  0.10499999672174454       0.70249403834042856     
  0.10999999940395355       0.70311669536331756     
  0.11499999463558197       0.70371708509802056     
  0.11999999731779099       0.70429525436340934     
  0.12500000000000000       0.70485124561126489     
  0.12999999523162842       0.70538509976220187     
  0.13499999046325684       0.70589685770045874     
  0.14000000059604645       0.70638655923463578     
  0.14499999582767487       0.70685423817364468     
  0.14999999105930328       0.70729993108582845     
  0.15500000119209290       0.70772367262846592     
  0.15999999642372131       0.70812549205660213     
  0.16499999165534973       0.70850542080236523     
  0.17000000178813934       0.70886348839510593     
  0.17499999701976776       0.70919971955575201     
  0.17999999225139618       0.70951414060143458     
  0.18500000238418579       0.70980677595351060     
  0.18999999761581421       0.71007764581547617     
  0.19499999284744263       0.71032677140723099     
  0.19999998807907104       0.71055417141327559     
  0.20499999821186066       0.71075986346935982     
  0.20999999344348907       0.71094386177642854     
  0.21499998867511749       0.71110618077976384     
  0.21999999880790710       0.71124683304024316     
  0.22499999403953552       0.71136582826847472     
  0.22999998927116394       0.71146317584059571     
  0.23499999940395355       0.71153888325109060     
  0.23999999463558197       0.71159295572678560     
  0.24499998986721039       0.71162539758100307     
  0.25000000000000000       0.71163621124689247     
  0.25499999523162842       0.71162539747102704     
  0.25999999046325684       0.71159295550682511     
  0.26499998569488525       0.71153888292112888     
  0.26999998092651367       0.71146317565847728     
  0.27500000596046448       0.71136582739605603     
  0.28000000119209290       0.71124683199319683     
  0.28499999642372131       0.71110618000946779     
  0.28999999165534973       0.71094386089592532     
  0.29499998688697815       0.71075986247858347     
  0.29999998211860657       0.71055417095750084     
  0.30500000715255737       0.71032676948560614     
  0.31000000238418579       0.71007764371855575     
  0.31499999761581421       0.70980677368113720     
  0.31999999284744263       0.70951413905801108     
  0.32499998807907104       0.70919971790148550     
  0.32999998331069946       0.70886348662987209     
  0.33499997854232788       0.70850542002571693     
  0.34000000357627869       0.70812548890414473     
  0.34499999880790710       0.70772366929933550     
  0.34999999403953552       0.70729992887531667     
  0.35499998927116394       0.70685423585141949     
  0.35999998450279236       0.70638655680052365     
  0.36499997973442078       0.70589685664654900     
  0.37000000476837158       0.70538509554569395     
  0.37500000000000000       0.70485124121638609     
  0.37999999523162842       0.70429525063483500     
  0.38499999046325684       0.70371708210156692     
  0.38999998569488525       0.70311669225375506     
  0.39499998092651367       0.70249403606196714     
  0.39999997615814209       0.70184906682678783     
  0.40500000119209290       0.70118173213097046     
  0.40999999642372131       0.70049198987945605     
  0.41499999165534973       0.69977978443044020     
  0.41999998688697815       0.69904506236828323     
  0.42499998211860657       0.69828776858859365     
  0.42999997735023499       0.69750784629409368     
  0.43500000238418579       0.69670523213869828     
  0.43999999761581421       0.69587987549400487     
  0.44499999284744263       0.69503170974174078     
  0.44999998807907104       0.69416067126920067     
  0.45499998331069946       0.69326669474821789     
  0.45999997854232788       0.69234971313026417     
  0.46500000357627869       0.69140965196934534     
  0.46999999880790710       0.69044645196698506     
  0.47499999403953552       0.68946003534853506     
  0.47999998927116394       0.68845032813242957     
  0.48499998450279236       0.68741725459030223     
  0.48999997973442078       0.68636073724130253     
  0.49499997496604919       0.68528069684628889     
  0.50000000000000000       0.68417693640716182     
  0.50499999523162842       0.68197350396714163     
  0.50999999046325684       0.67982466483703574     
  0.51499998569488525       0.67772977435024129     
  0.51999998092651367       0.67568820402512142     
  0.52499997615814209       0.67369934137645737     
  0.52999997138977051       0.67176258973169711     
  0.53499996662139893       0.66987736805195075     
  0.53999996185302734       0.66804311075767397     
  0.54500001668930054       0.66625924659225633     
  0.55000001192092896       0.66452528291534196     
  0.55500000715255737       0.66284067796133550     
  0.56000000238418579       0.66120492633709826     
  0.56499999761581421       0.65961753730582828     
  0.56999999284744263       0.65807803463983605     
  0.57499998807907104       0.65658595647767326     
  0.57999998331069946       0.65514085518556986     
  0.58499997854232788       0.65374229722314292     
  0.58999997377395630       0.65238986301332957     
  0.59499996900558472       0.65108314681651203     
  0.59999996423721313       0.64982175660879227     
  0.60499995946884155       0.64860531396438348     
  0.61000001430511475       0.64743344023673044     
  0.61500000953674316       0.64630581179564794     
  0.62000000476837158       0.64522207611011229     
  0.62500000000000000       0.64418190805192121     
  0.62999999523162842       0.64318499556346265     
  0.63499999046325684       0.64223103956409389     
  0.63999998569488525       0.64131975386041706     
  0.64499998092651367       0.64045086506041715     
  0.64999997615814209       0.63962411249144402     
  0.65499997138977051       0.63883924812200876     
  0.65999996662139893       0.63809603648737123     
  0.66499996185302734       0.63739425461890020     
  0.66999995708465576       0.63673369197718088     
  0.67500001192092896       0.63611414324708992     
  0.68000000715255737       0.63553543733112350     
  0.68500000238418579       0.63499739298386493     
  0.68999999761581421       0.63449984878828791     
  0.69499999284744263       0.63404265547769301     
  0.69999998807907104       0.63362567589092400     
  0.70499998331069946       0.63324878493122094     
  0.70999997854232788       0.63291186952868861     
  0.71499997377395630       0.63261482860637552     
  0.71999996900558472       0.63235757304995110     
  0.72499996423721313       0.63214002568096905     
  0.72999995946884155       0.63196212123371287     
  0.73499995470046997       0.63182380633561885     
  0.74000000953674316       0.63172503854946449     
  0.74500000476837158       0.63166579059907213     
  0.75000000000000000       0.63164604329660112     
  0.75499999523162842       0.63166579071772433     
  0.75999999046325684       0.63172503878680497     
  0.76499998569488525       0.63182380527867332     
  0.76999998092651367       0.63196211982395978     
  0.77499997615814209       0.63214002391798496     
  0.77999997138977051       0.63235757093320799     
  0.78499996662139893       0.63261482613523767     
  0.78999996185302734       0.63291186670241451     
  0.79499995708465576       0.63324878174896304     
  0.79999995231628418       0.63362567235172773     
  0.80500000715255737       0.63404265679071581     
  0.81000000238418579       0.63449985022232036     
  0.81499999761581421       0.63499739453933690     
  0.81999999284744263       0.63553543900850185     
  0.82499998807907104       0.63611414504687802     
  0.82999998331069946       0.63673368627027949     
  0.83499997854232788       0.63739424854535887     
  0.83999997377395630       0.63809603004536786     
  0.84499996900558472       0.63883924130961101     
  0.84999996423721313       0.63962410530660785     
  0.85499995946884155       0.64045085750098685     
  0.85999995470046997       0.64131974592412488     
  0.86500000953674316       0.64223104236571937     
  0.87000000476837158       0.64318499849370092     
  0.87500000000000000       0.64418191111165146     
  0.87999999523162842       0.64522207930025244     
  0.88499999046325684       0.64630581511715535     
  0.88999998569488525       0.64743344369060096     
  0.89499998092651367       0.64860530331696187     
  0.89999997615814209       0.64982174556223138     
  0.90499997138977051       0.65108313536749773     
  0.90999996662139893       0.65238985115842685     
  0.91499996185302734       0.65374228495879561     
  0.91999995708465576       0.65514084250809823     
  0.92499995231628418       0.65658594338327392     
  0.93000000715255737       0.65807803919332297     
  0.93500000238418579       0.65961754200247358     
  0.93999999761581421       0.66120493117831114     
  0.94499999284744263       0.66284068294856857     
  0.94999998807907104       0.66452528805009115     
  0.95499998331069946       0.66625925187606228     
  0.95999997854232788       0.66804309462762335     
  0.96499997377395630       0.66987735146993921     
  0.96999996900558472       0.67176257269275008     
  0.97499996423721313       0.67369932387546272     
  0.97999995946884155       0.67568818605682901     
  0.98499995470046997       0.67772975590925999     
  0.98999994993209839       0.67982464591783376     
  0.99500000476837158       0.68197351050432875     
