   0.0000000000000000       0.68417429520782680     
   5.0000000000000001E-003  0.68527793208081111     
   1.0000000000000000E-002  0.68635799225242955     
   1.4999999999999999E-002  0.68741450570327889     
   2.0000000000000000E-002  0.68844757734609852     
   2.5000000000000001E-002  0.68945730301174291     
   3.0000000000000002E-002  0.69044372308521718     
   3.5000000000000003E-002  0.69140692889482913     
   4.0000000000000001E-002  0.69234699668226252     
   4.4999999999999998E-002  0.69326397284320063     
   4.9999999999999996E-002  0.69415794652711782     
   5.4999999999999993E-002  0.69502899026993414     
   5.9999999999999991E-002  0.69587714840505077     
   6.4999999999999988E-002  0.69670250463395345     
   6.9999999999999993E-002  0.69750512932293751     
   7.4999999999999997E-002  0.69828505769607829     
   8.0000000000000002E-002  0.69904235047701879     
   8.5000000000000006E-002  0.69977707543881440     
   9.0000000000000011E-002  0.70048927733330490     
   9.5000000000000015E-002  0.70117901578680319     
  0.10000000000000002       0.70184636062385419     
  0.10500000000000002       0.70249134508031008     
  0.11000000000000003       0.70311400586075556     
  0.11500000000000003       0.70371440097307059     
  0.12000000000000004       0.70429256948978991     
  0.12500000000000003       0.70484854919083251     
  0.13000000000000003       0.70538239577507222     
  0.13500000000000004       0.70589415550991064     
  0.14000000000000004       0.70638385468644127     
  0.14500000000000005       0.70685153715370219     
  0.15000000000000005       0.70729724474035516     
  0.15500000000000005       0.70772099502440011     
  0.16000000000000006       0.70812281120444076     
  0.16500000000000006       0.70850273740997272     
  0.17000000000000007       0.70886080453546341     
  0.17500000000000007       0.70919703817444457     
  0.18000000000000008       0.70951146731543679     
  0.18500000000000008       0.70980410766163182     
  0.19000000000000009       0.71007496738998477     
  0.19500000000000009       0.71032408455304075     
  0.20000000000000009       0.71055149245460147     
  0.20500000000000010       0.71075719162334594     
  0.21000000000000010       0.71094118018078278     
  0.21500000000000011       0.71110348884276930     
  0.22000000000000011       0.71124414334034647     
  0.22500000000000012       0.71136314978977244     
  0.23000000000000012       0.71146050971105390     
  0.23500000000000013       0.71153622276356643     
  0.24000000000000013       0.71159028784670775     
  0.24500000000000013       0.71162272061909626     
  0.25000000000000011       0.71163353516474392     
  0.25500000000000012       0.71162272545335359     
  0.26000000000000012       0.71159028514382694     
  0.26500000000000012       0.71153621943358458     
  0.27000000000000013       0.71146051428425583     
  0.27500000000000013       0.71136315057284716     
  0.28000000000000014       0.71124413829780986     
  0.28500000000000014       0.71110349089358937     
  0.29000000000000015       0.71094118412133622     
  0.29500000000000015       0.71075718729075554     
  0.30000000000000016       0.71055149095921555     
  0.30500000000000016       0.71032408979500883     
  0.31000000000000016       0.71007496587977093     
  0.31500000000000017       0.70980410321056164     
  0.32000000000000017       0.70951147146412741     
  0.32500000000000018       0.70919704026078290     
  0.33000000000000018       0.70886079905399502     
  0.33500000000000019       0.70850273857651214     
  0.34000000000000019       0.70812281610618266     
  0.34500000000000020       0.70772099082076201     
  0.35000000000000020       0.70729724232034341     
  0.35500000000000020       0.70685154298156061     
  0.36000000000000021       0.70638385349302513     
  0.36500000000000021       0.70589415025573710     
  0.37000000000000022       0.70538240044077927     
  0.37500000000000022       0.70484855153086678     
  0.38000000000000023       0.70429256309918042     
  0.38500000000000023       0.70371440289053255     
  0.39000000000000024       0.70311401117609373     
  0.39500000000000024       0.70249133934364916     
  0.40000000000000024       0.70184635918196869     
  0.40500000000000025       0.70117902286537159     
  0.41000000000000025       0.70048927352513513     
  0.41500000000000026       0.69977707092428953     
  0.42000000000000026       0.69904235804112502     
  0.42500000000000027       0.69828505635152749     
  0.43000000000000027       0.69750512245803453     
  0.43500000000000028       0.69670251186468213     
  0.44000000000000028       0.69587714940751977     
  0.44500000000000028       0.69502898163082683     
  0.45000000000000029       0.69415795351506515     
  0.45500000000000029       0.69326397538963191     
  0.46000000000000030       0.69234698658485472     
  0.46500000000000030       0.69140693662694253     
  0.47000000000000031       0.69044372574708190     
  0.47500000000000031       0.68945729150268653     
  0.48000000000000032       0.68844758798005190     
  0.48500000000000032       0.68741450540020488     
  0.49000000000000032       0.68635798075833887     
  0.49500000000000033       0.68527794785364005     
  0.50000000000000033       0.68417428594277663     
  0.50505050505050542       0.68197093569132894     
  0.51010101010101050       0.67982216486474412     
  0.51515151515151558       0.67772734658531464     
  0.52020202020202067       0.67568585215610022     
  0.52525252525252575       0.67369706128429274     
  0.53030303030303083       0.67176037400191424     
  0.53535353535353591       0.66987520868280348     
  0.54040404040404100       0.66804099973545328     
  0.54545454545454608       0.66625721897497192     
  0.55050505050505116       0.66452331816388366     
  0.55555555555555625       0.66283876962143562     
  0.56060606060606133       0.66120305926304868     
  0.56565656565656641       0.65961572059083995     
  0.57070707070707150       0.65807628211151747     
  0.57575757575757658       0.65658425815038779     
  0.58080808080808166       0.65513921043120038     
  0.58585858585858674       0.65374069286662106     
  0.59090909090909183       0.65238827479439210     
  0.59595959595959691       0.65108160669059922     
  0.60101010101010199       0.64982026699550421     
  0.60606060606060708       0.64860385980583990     
  0.61111111111111216       0.64743204128792531     
  0.61616161616161724       0.64630445297432237     
  0.62121212121212233       0.64522075144784174     
  0.62626262626262741       0.64418061434361040     
  0.63131313131313249       0.64318373126780237     
  0.63636363636363757       0.64222981544343627     
  0.64141414141414266       0.64131854811930522     
  0.64646464646464774       0.64044966613907095     
  0.65151515151515282       0.63962294867740666     
  0.65656565656565791       0.63883812746737711     
  0.66161616161616299       0.63809493402444362     
  0.66666666666666807       0.63739316534149359     
  0.67171717171717316       0.63673263245447498     
  0.67676767676767824       0.63611311599182452     
  0.68181818181818332       0.63553442615254729     
  0.68686868686868841       0.63499639487994319     
  0.69191919191919349       0.63449886900991948     
  0.69696969696969857       0.63404166997430467     
  0.70202020202020365       0.63362471353169136     
  0.70707070707070874       0.63324782813328162     
  0.71212121212121382       0.63291093816710020     
  0.71717171717171890       0.63261390038048249     
  0.72222222222222399       0.63235665697478305     
  0.72727272727272907       0.63213911208280160     
  0.73232323232323415       0.63196122105345576     
  0.73737373737373924       0.63182291849137129     
  0.74242424242424432       0.63172414521236753     
  0.74747474747474940       0.63166488967765966     
  0.75252525252525448       0.63164512604589484     
  0.75757575757575957       0.63166488967765966     
  0.76262626262626465       0.63172414521236764     
  0.76767676767676973       0.63182291849137107     
  0.77272727272727482       0.63196122105345565     
  0.77777777777777990       0.63213911208280138     
  0.78282828282828498       0.63235665697478272     
  0.78787878787879007       0.63261390038048193     
  0.79292929292929515       0.63291093816710020     
  0.79797979797980023       0.63324782813328118     
  0.80303030303030531       0.63362471353169103     
  0.80808080808081040       0.63404166997430422     
  0.81313131313131548       0.63449886900991881     
  0.81818181818182056       0.63499639487994242     
  0.82323232323232565       0.63553442615254629     
  0.82828282828283073       0.63611311599182385     
  0.83333333333333581       0.63673263245447409     
  0.83838383838384090       0.63739316534149326     
  0.84343434343434598       0.63809493402444284     
  0.84848484848485106       0.63883812746737623     
  0.85353535353535614       0.63962294867740588     
  0.85858585858586123       0.64044966613907039     
  0.86363636363636631       0.64131854811930433     
  0.86868686868687139       0.64222981544343516     
  0.87373737373737648       0.64318373126780148     
  0.87878787878788156       0.64418061434361040     
  0.88383838383838664       0.64522075144784108     
  0.88888888888889173       0.64630445297432115     
  0.89393939393939681       0.64743204128792420     
  0.89898989898990189       0.64860385980583868     
  0.90404040404040698       0.64982026699550355     
  0.90909090909091206       0.65108160669059822     
  0.91414141414141714       0.65238827479439088     
  0.91919191919192222       0.65374069286662029     
  0.92424242424242731       0.65513921043119927     
  0.92929292929293239       0.65658425815038590     
  0.93434343434343747       0.65807628211151648     
  0.93939393939394256       0.65961572059083906     
  0.94444444444444764       0.66120305926304768     
  0.94949494949495272       0.66283876962143462     
  0.95454545454545781       0.66452331816388321     
  0.95959595959596289       0.66625721897496670     
  0.96464646464646797       0.66804099973548003     
  0.96969696969697305       0.66987520868263195     
  0.97474747474747814       0.67176037400283461     
  0.97979797979798322       0.67369706127965001     
  0.98484848484848830       0.67568585217838573     
  0.98989898989899339       0.67772734648184718     
  0.99494949494949847       0.67982216533391915     
   1.0000000000000036       0.68197093359668748     
