   0.0000000000000000       0.17553999200361906       0.10699061500240428     
   5.0000000000000001E-003  0.17555630049734766       0.10700127041243168     
   1.0000000000000000E-002  0.17560522825866337       0.10703324045154980     
   1.4999999999999999E-002  0.17568678212584077       0.10708653655331647     
   2.0000000000000000E-002  0.17580097348894619       0.10716117779518121     
   2.5000000000000001E-002  0.17594781827922115       0.10725719093083284     
   3.0000000000000002E-002  0.17612733695415891       0.10737461043562341     
   3.5000000000000003E-002  0.17633955447821509       0.10751347856520482     
   4.0000000000000001E-002  0.17658450029907408       0.10767384542755644     
   4.4999999999999998E-002  0.17686220831937660       0.10785576906862053     
   4.9999999999999996E-002  0.17717271686379493       0.10805931557180519     
   5.4999999999999993E-002  0.17751606864132435       0.10828455917165569     
   5.9999999999999991E-002  0.17789231070264044       0.10853158238203821     
   6.4999999999999988E-002  0.17830149439235241       0.10880047613922428     
   6.9999999999999993E-002  0.17874367529596305       0.10909133996030945     
   7.4999999999999997E-002  0.17921891318132513       0.10940428211744647     
   8.0000000000000002E-002  0.17972727193436322       0.10973941982842124     
   8.5000000000000006E-002  0.18026881948880810       0.11009687946415037     
   9.0000000000000011E-002  0.18084362774966761       0.11047679677373015     
   9.5000000000000015E-002  0.18145177251013489       0.11087931712772096     
  0.10000000000000002       0.18209333336161024       0.11130459578040713     
  0.10500000000000002       0.18276839359648700       0.11175279815183020     
  0.11000000000000003       0.18347704010332522       0.11222410013045474     
  0.11500000000000003       0.18421936325400939       0.11271868839738915     
  0.12000000000000004       0.18499545678245635       0.11323676077315056     
  0.12500000000000003       0.18580541765440955       0.11377852658803252     
  0.13000000000000003       0.18664934592782445       0.11434420707720694     
  0.13500000000000004       0.18752734460331347       0.11493403580176888     
  0.14000000000000004       0.18843951946408727       0.11554825909701258     
  0.14500000000000005       0.18938597890478817       0.11618713654931227     
  0.15000000000000005       0.19036683374857533       0.11685094150306972     
  0.15500000000000005       0.19138219705177803       0.11753996159928430     
  0.16000000000000006       0.19243218389539074       0.11825449934739991     
  0.16500000000000006       0.19351691116263861       0.11899487273218667     
  0.17000000000000007       0.19463649730179181       0.11976141585752462     
  0.17500000000000007       0.19579106207335836       0.12055447962907231     
  0.18000000000000008       0.19698072628073041       0.12137443247792465     
  0.18500000000000008       0.19820561148330160       0.12222166112749214     
  0.19000000000000009       0.19946583969101517       0.12309657140596994     
  0.19500000000000009       0.20076153303923702       0.12399958910690762     
  0.20000000000000009       0.20209281344278340       0.12493116090054128     
  0.20500000000000010       0.20345980222786067       0.12589175529870958     
  0.21000000000000010       0.20486261974060146       0.12688186367634322     
  0.21500000000000011       0.20630138493080200       0.12790200135269530     
  0.22000000000000011       0.20777621490938228       0.12895270873566855     
  0.22500000000000012       0.20928722447800388       0.13003455253279317     
  0.23000000000000012       0.21083452562918542       0.13114812703261988     
  0.23500000000000013       0.21241822701515972       0.13229405546051387     
  0.24000000000000013       0.21403843338361084       0.13347299141307115     
  0.24500000000000013       0.21569524497832041       0.13468562037562537     
  0.25000000000000011       0.21738875690263607       0.13593266132757711     
  0.25500000000000012       0.21911905844355287       0.13721486844055358     
  0.26000000000000012       0.22088623235406710       0.13853303287470123     
  0.26500000000000012       0.22269035409132587       0.13988798467872299     
  0.27000000000000013       0.22453149100794983       0.14128059479960028     
  0.27500000000000013       0.22640970149375289       0.14271177720828768     
  0.28000000000000014       0.22832503406491986       0.14418249114803344     
  0.28500000000000014       0.23027752639753160       0.14569374351236941     
  0.29000000000000015       0.23226720430214415       0.14724659136022242     
  0.29500000000000015       0.23429408063593699       0.14884214457603526     
  0.30000000000000016       0.23635815414874128       0.15048156868324403     
  0.30500000000000016       0.23845940825904297       0.15216608781994467     
  0.31000000000000016       0.24059780975582895       0.15389698788609640     
  0.31500000000000017       0.24277330742190212       0.15567561987215273     
  0.32000000000000017       0.24498583057403606       0.15750340337958726     
  0.32500000000000018       0.24723528751507151       0.15938183034438969     
  0.33000000000000018       0.24952156389276867       0.16131246897525187     
  0.33500000000000019       0.25184452095992960       0.16329696791884490     
  0.34000000000000019       0.25420399372998342       0.16533706066530951     
  0.34500000000000020       0.25659978902189023       0.16743457020784480     
  0.35000000000000020       0.25903168338785959       0.16959141397108721     
  0.35500000000000020       0.26149942091700357       0.17180960902382542     
  0.36000000000000021       0.26400271090763994       0.17409127759250034     
  0.36500000000000021       0.26654122540054154       0.17643865289289537     
  0.37000000000000022       0.26911459656497427       0.17885408529843252     
  0.37500000000000022       0.27172241392889596       0.18134004886456107     
  0.38000000000000023       0.27436422144418288       0.18389914822985629     
  0.38500000000000023       0.27703951437722085       0.18653412591564411     
  0.39000000000000024       0.27974773601463554       0.18924787004723484     
  0.39500000000000024       0.28248827417334049       0.19204342252118944     
  0.40000000000000024       0.28526045750345325       0.19492398764446076     
  0.40500000000000025       0.28806355157196295       0.19789294127275286     
  0.41000000000000025       0.29089675471432858       0.20095384047703016     
  0.41500000000000026       0.29375919364044056       0.20411043376878729     
  0.42000000000000026       0.29664991878059005       0.20736667191647035     
  0.42500000000000027       0.29956789935625572       0.21072671938731863     
  0.43000000000000027       0.30251201815963308       0.21419496645088903     
  0.43500000000000028       0.30548106602489811       0.21777604198262904     
  0.44000000000000028       0.30847373597320693       0.22147482700809312     
  0.44500000000000028       0.31148861701238822       0.22529646903075573     
  0.45000000000000029       0.31452418757117606       0.22924639718886641     
  0.45500000000000029       0.31757880854666037       0.23333033828943384     
  0.46000000000000030       0.32065071594239314       0.23755433377021765     
  0.46500000000000030       0.32373801307327554       0.24192475764356000     
  0.47000000000000031       0.32683866231196407       0.24644833547901807     
  0.47500000000000031       0.32995047635006625       0.25113216448506309     
  0.48000000000000032       0.33307110894584058       0.25598373475361458     
  0.48500000000000032       0.33619804512847334       0.26101095173487915     
  0.49000000000000032       0.33932859082726541       0.26622216001388327     
  0.49500000000000033       0.34245986189222005       0.27162616846423360     
  0.50000000000000033       0.34558877247057695       0.27723227685902685     
  0.50500000000000034       0.35028936475064626       0.28322962591122758     
  0.51000000000000034       0.35500870876494844       0.28912941794959468     
  0.51500000000000035       0.35974284193235823       0.29493526951715560     
  0.52000000000000035       0.36448801669285857       0.30065054252414142     
  0.52500000000000036       0.36924068737648430       0.30627836041361500     
  0.53000000000000036       0.37399749789566594       0.31182162332049645     
  0.53500000000000036       0.37875527020951993       0.31728302228681954     
  0.54000000000000037       0.38351099351184453       0.32266505259213046     
  0.54500000000000037       0.38826181409759258       0.32797002625425942     
  0.55000000000000038       0.39300502586541874       0.33320008375224514     
  0.55500000000000038       0.39773806141654278       0.33835720501996114     
  0.56000000000000039       0.40245848371265647       0.34344321975595732     
  0.56500000000000039       0.40716397825792855       0.34845981709218993     
  0.57000000000000040       0.41185234577234192       0.35340855466164606     
  0.57500000000000040       0.41652149532564686       0.35829086710237157     
  0.58000000000000040       0.42116943790312911       0.36310807403306755     
  0.58500000000000041       0.42579428037619110       0.36786138753322384     
  0.59000000000000041       0.43039421985243120       0.37255191915870034     
  0.59500000000000042       0.43496753838148661       0.37718068652173414     
  0.60000000000000042       0.43951259799438491       0.38174861946254157     
  0.60500000000000043       0.44402783605554347       0.38625656583798801     
  0.61000000000000043       0.44851176090785477       0.39070529695120509     
  0.61500000000000044       0.45296294779251778       0.39509551264454496     
  0.62000000000000044       0.45738003502642322       0.39942784607686244     
  0.62500000000000044       0.46176172042096936       0.40370286820480361     
  0.63000000000000045       0.46610675792719791       0.40792109198655213     
  0.63500000000000045       0.47041395449307583       0.41208297632532936     
  0.64000000000000046       0.47468216711964067       0.41618892976886612     
  0.64500000000000046       0.47891030010355246       0.42023931398005016     
  0.65000000000000047       0.48309730245437271       0.42423444699300161     
  0.65500000000000047       0.48724216547562432       0.42817460626794224     
  0.66000000000000048       0.49134392049936421       0.43206003155738520     
  0.66500000000000048       0.49540163676464583       0.43589092759539161     
  0.67000000000000048       0.49941441943084836       0.43966746662090606     
  0.67500000000000049       0.50338140771741158       0.44338979074549439     
  0.68000000000000049       0.50730177316204583       0.44705801417516283     
  0.68500000000000050       0.51117471798997993       0.45067222529533180     
  0.69000000000000050       0.51499947358727549       0.45423248862747134     
  0.69500000000000051       0.51877529907167097       0.45773884666537368     
  0.70000000000000051       0.52250147995482676       0.46119132159853882     
  0.70500000000000052       0.52617732689022589       0.46458991692968260     
  0.71000000000000052       0.52980217450134426       0.46793461899293859     
  0.71500000000000052       0.53337538028503895       0.47122539837891375     
  0.72000000000000053       0.53689632358542039       0.47446221127237326     
  0.72500000000000053       0.54036440463376945       0.47764500070796689     
  0.73000000000000054       0.54377904365033725       0.48077369774907536     
  0.73500000000000054       0.54713968000412705       0.48384822259453003     
  0.74000000000000055       0.55044577142699902       0.48686848561766988     
  0.74500000000000055       0.55369679327867083       0.48983438834191484     
  0.75000000000000056       0.55689223785939646       0.49274582435677411     
  0.75500000000000056       0.56003161376731259       0.49560268017796538     
  0.76000000000000056       0.56311444529762478       0.49840483605508629     
  0.76500000000000057       0.56614027188098659       0.50115216673006791     
  0.77000000000000057       0.56910864755858803       0.50384454214943408     
  0.77500000000000058       0.57201914049162694       0.50648182813320475     
  0.78000000000000058       0.57487133250298039       0.50906388700309846     
  0.78500000000000059       0.57766481864903418       0.51159057817252762     
  0.79000000000000059       0.58039920681974944       0.51406175870071968     
  0.79500000000000060       0.58307411736517600       0.51647728381315217     
  0.80000000000000060       0.58568918274672244       0.51883700739035243     
  0.80500000000000060       0.58824404721161117       0.52114078242698292     
  0.81000000000000061       0.59073836648903622       0.52338846146301088     
  0.81500000000000061       0.59317180750664034       0.52557989698865126     
  0.82000000000000062       0.59554404812601291       0.52771494182465961     
  0.82500000000000062       0.59785477689599364       0.52979344947945772     
  0.83000000000000063       0.60010369282264120       0.53181527448447563     
  0.83500000000000063       0.60229050515480231       0.53378027270900885     
  0.84000000000000064       0.60441493318428163       0.53568830165580661     
  0.84500000000000064       0.60647670605967574       0.53753922073852722     
  0.85000000000000064       0.60847556261299818       0.53933289154212705     
  0.85500000000000065       0.61041125119827377       0.54106917806717791     
  0.86000000000000065       0.61228352954133713       0.54274794695904671     
  0.86500000000000066       0.61409216460011740       0.54436906772280758     
  0.87000000000000066       0.61583693243473969       0.54593241292470152     
  0.87500000000000067       0.61751761808681438       0.54743785838090675     
  0.88000000000000067       0.61913401546733093       0.54888528333432984     
  0.88500000000000068       0.62068592725260829       0.55027457062008156     
  0.89000000000000068       0.62217316478779106       0.55160560682025916     
  0.89500000000000068       0.62359554799741712       0.55287828240861148     
  0.90000000000000069       0.62495290530261105       0.55409249188562515     
  0.90500000000000069       0.62624507354449233       0.55524813390453531     
  0.91000000000000070       0.62747189791341262       0.55634511138872444     
  0.91500000000000070       0.62863323188366582       0.55738333164094489     
  0.92000000000000071       0.62972893715334066       0.55836270644476482     
  0.92500000000000071       0.63075888358900711       0.55928315215861057     
  0.93000000000000071       0.63172294917495531       0.56014458980275006     
  0.93500000000000072       0.63262101996672382       0.56094694513953280     
  0.94000000000000072       0.63345299004867694       0.56169014874718004     
  0.94500000000000073       0.63421876149541068       0.56237413608739162     
  0.95000000000000073       0.63491824433678523       0.56299884756701501     
  0.95500000000000074       0.63555135652639971       0.56356422859399891     
  0.96000000000000074       0.63611802391334316       0.56407022962783304     
  0.96500000000000075       0.63661818021707373       0.56451680622465539     
  0.97000000000000075       0.63705176700528843       0.56490391907718929     
  0.97500000000000075       0.63741873367466972       0.56523153404965276     
  0.98000000000000076       0.63771903743440350       0.56549962220776551     
  0.98500000000000076       0.63795264329238000       0.56570815984396094     
  0.99000000000000077       0.63811952404400429       0.56585712849789271     
  0.99500000000000077       0.63821966026355492       0.56594651497230819     
   1.0000000000000007       0.63825304029804575       0.56597631134434800     
