   0.0000000000000000        8.9682619999999994E-003   3.5074554000000002E-003
  0.20000000000000001        2.2730319999999998E-002   1.2463689000000000E-002
  0.40000001000000002        4.5315007999999997E-002   2.5115670000000000E-002
  0.60000001999999997        8.4747903999999999E-002   4.7164724999999998E-002
  0.80000000999999998       0.15515677999999999        8.8253252000000004E-002
   1.0000000000000000       0.27701418999999999       0.17860465000000000     
   1.2000000000000000       0.31391625000000001       0.21009486999999999     
   1.3999999999999999       0.32289241000000002       0.21754994999999999     
   1.6000000000000001       0.30281381000000002       0.20086824000000000     
   1.8000000000000000       0.25620723000000001       0.16027559000000000     
   2.0000000000000000       0.18936481999999999        9.5539265999999998E-002
